h,s,b_to_c_star
0.0,1,2.1608441249505317
0.0,5,1.8804001586657522
0.0,10,1.938274318715509
0.01,1,2.1615328228387964
0.01,5,1.8795077553536825
0.01,10,1.9320363465570192
0.02,1,2.162224660529801
0.02,5,1.8786620107677268
0.02,10,1.925466037745767
0.03,1,2.1629196225335043
0.03,5,1.8778693079724322
0.03,10,1.9185718530050782
0.04,1,2.1636176928881357
0.04,5,1.8771363298845576
0.04,10,1.9113666474842308
0.05,1,2.164318855159277
0.05,5,1.8764700525636586
0.05,10,1.903867910234278
0.06,1,2.165023092439092
0.06,5,1.8758777368922135
0.06,10,1.8960979096336155
0.07,1,2.165730387345686
0.07,5,1.8753669186759394
0.07,10,1.8880837293492831
0.08,1,2.166440722022598
0.08,5,1.874945397213182
0.08,10,1.8798571834792164
0.09,1,2.167154078138438
0.09,5,1.8746212223999847
0.09,10,1.8714546049156302
0.1,1,2.167870436886667
0.1,5,1.8744026804539828
0.1,10,1.8629165074084169
0.11,1,2.1685897789855053
0.11,5,1.874298278355551
0.11,10,1.8542871288414837
0.12,1,2.1693120846780105
0.12,5,1.8743167271179983
0.12,10,1.8456138702942244
0.13,1,2.1700373337322594
0.13,5,1.8744669240099683
0.13,10,1.8369466519115176
0.14,1,2.170765505441727
0.14,5,1.8747579338621583
0.14,10,1.8283372118282397
0.15,1,2.1714965786257716
0.15,5,1.8751989695968858
0.15,10,1.8198383778615068
0.16,1,2.172230531630293
0.16,5,1.8757993721227457
0.16,10,1.8115033430360112
0.17,1,2.1729673423285236
0.17,5,1.876568589737599
0.17,10,1.8033849751049702
0.18,1,2.1737069881219906
0.18,5,1.877516157181373
0.18,10,1.7955351871715406
0.19,1,2.1744494459416126
0.19,5,1.8786516744757815
0.19,10,1.7880043916312058
0.2,1,2.1751946922489642
0.2,5,1.8799847856811982
0.2,10,1.7808410534532029
0.21,1,2.1759427030376806
0.21,5,1.8815251576918182
0.21,10,1.7740913519189516
0.22,1,2.1766934538350253
0.22,5,1.8832824591790922
0.22,10,1.7677989529877554
0.23,1,2.1774469197036206
0.23,5,1.8852663397806624
0.23,10,1.762004888065524
0.24,1,2.1782030752433177
0.24,5,1.8874864096178345
0.24,10,1.7567475295970487
0.25,1,2.178961894593237
0.25,5,1.889952219209515
0.25,10,1.7520626499149157
0.26,1,2.1797233514339656
0.26,5,1.8926732398347492
0.26,10,1.7479835473119767
0.27,1,2.1804874189898964
0.27,5,1.8956588443799285
0.27,10,1.7445412223453227
0.28,1,2.1812540700317555
0.28,5,1.8989182886907412
0.28,10,1.7417645877728274
0.29,1,2.1820232768792533
0.29,5,1.9024606934332902
0.29,10,1.7396806970119256
0.3,1,2.182795011403927
0.3,5,1.9062950264537883
0.3,10,1.7383149782806433
0.31,1,2.183569245032107
0.31,5,1.910430085612181
0.31,10,1.7376914643043944
0.32,1,2.184345948748084
0.32,5,1.9148744820519796
0.32,10,1.7378330103411337
0.33,1,2.1851250930973944
0.33,5,1.9196366238569638
0.33,10,1.7387614960312772
0.34,1,2.185906648190282
0.34,5,1.9247247000350023
0.34,10,1.7404980090186073
0.35,1,2.186690583705325
0.35,5,1.9301466647605676
0.35,10,1.7430630102825935
0.36,1,2.1874768688932047
0.36,5,1.9359102218002409
0.36,10,1.746476482604637
0.37,1,2.188265472580638
0.37,5,1.942022809040008
0.37,10,1.7507580645506071
0.38,1,2.1890563631744735
0.38,5,1.9484915830292449
0.38,10,1.7559271728249697
0.39,1,2.189849508665926
0.39,5,1.9553234034540916
0.39,10,1.7620031159057727
0.4,1,2.190644876634982
0.4,5,1.962524817452363
0.4,10,1.7690052015927993
0.41,1,2.1914424342549554
0.41,5,1.9701020436832781
0.41,10,1.7769528405899475
0.42,1,2.192242148297179
0.42,5,1.9780609560680684
0.42,10,1.7858656475923111
0.43,1,2.193043985135887
0.43,5,1.9864070671218723
0.43,10,1.7957635406435797
0.44,1,2.1938479107532034
0.44,5,1.9951455108034173
0.44,10,1.8066668388386362
0.45,1,2.1946538907443003
0.45,5,2.004281024816446
0.45,10,1.8185963578175197
0.46,1,2.19546189032272
0.46,5,2.013817932306166
0.46,10,1.8315735019560941
0.47,1,2.1962718743258125
0.47,5,2.0237601229045805
0.47,10,1.8456203517103378
0.48,1,2.1970838072203365
0.48,5,2.034111033090911
0.48,10,1.860759744203091
0.49,1,2.1978976531082046
0.49,5,2.0448736258470688
0.49,10,1.8770153448302784
0.5,1,2.1987133757323605
0.5,5,2.0560503696033665
0.5,10,1.8944117073797402
0.51,1,2.199530938482806
0.51,5,2.067643216486434
0.51,10,1.9129743198739075
0.52,1,2.200350304402754
0.52,5,2.0796535798993547
0.52,10,1.932729633050361
0.53,1,2.2011714361949344
0.53,5,2.0920823114835203
0.53,10,1.9537050680784451
0.54,1,2.2019942962280137
0.54,5,2.10492967753236
0.54,10,1.975928999789601
0.55,1,2.2028188465431637
0.55,5,2.1181953349489335
0.55,10,1.999430711406694
0.56,1,2.2036450488607455
0.56,5,2.1318783068621654
0.56,10,2.024240316543855
0.57,1,2.204472864587136
0.57,5,2.1459769580401202
0.57,10,2.0503886441769406
0.58,1,2.2053022548216576
0.58,5,2.1604889702629375
0.58,10,2.07790708242362
0.59,1,2.206133180363652
0.59,5,2.175411317842642
0.59,10,2.1068273773800192
0.6,1,2.2069656017196575
0.6,5,2.190740243501707
0.6,10,2.1371813839706895
0.61,1,2.207799479110711
0.61,5,2.2064712348466586
0.61,10,2.1690007667690923
0.62,1,2.208634772479764
0.62,5,2.222599001696818
0.62,10,2.202316649967188
0.63,1,2.2094714414991974
0.63,5,2.239117454551049
0.63,10,2.2371592169801353
0.64,1,2.2103094455784666
0.64,5,2.256019684496661
0.64,10,2.2735572613712165
0.65,1,2.2111487438718296
0.65,5,2.273297944883927
0.65,10,2.311537691640027
0.66,1,2.211989295286192
0.66,5,2.2909436351065127
0.66,10,2.3511249926978373
0.67,1,2.2128310584890434
0.67,5,2.3089472868418146
0.67,10,2.392340646367215
0.68,1,2.2136739919164894
0.68,5,2.3272985531153747
0.68,10,2.435202511896307
0.69,1,2.2145180537813838
0.69,5,2.3459862005593393
0.69,10,2.4797241653292965
0.7,1,2.2153632020815426
0.7,5,2.364998105236042
0.7,10,2.5259141938699092
0.71,1,2.2162093946080352
0.71,5,2.38432125239335
0.71,10,2.5737754385659906
0.72,1,2.2170565889535876
0.72,5,2.4039417405080985
0.72,10,2.6233041763730167
0.73,1,2.2179047425210245
0.73,5,2.423844789957177
0.73,10,2.6744892317047535
0.74,1,2.218753812531824
0.74,5,2.4440147566320345
0.74,10,2.727311008781863
0.75,1,2.219603756034711
0.75,5,2.464435150781551
0.75,10,2.7817404402007804
0.76,1,2.2204545299143503
0.76,5,2.4850886613298075
0.76,10,2.837737854701864
0.77,1,2.2213060909000717
0.77,5,2.505957185869474
0.77,10,2.8952517782839657
0.78,1,2.222158395574688
0.78,5,2.527021866478287
0.78,10,2.954217697261191
0.79,1,2.2230114003833408
0.79,5,2.5482631314458133
0.79,10,3.014556828678569
0.8,1,2.223865061642414
0.8,5,2.5696607429308083
0.8,10,3.0761749612043165
0.81,1,2.2247193355485027
0.81,5,2.591193850496799
0.81,10,3.1389614462032807
0.82,1,2.225574178187413
0.82,5,2.6128410503960198
0.82,10,3.202788431849939
0.83,1,2.226429545543205
0.83,5,2.634580450390588
0.83,10,3.267510440479379
0.84,1,2.2272853935072834
0.84,5,2.6563897398164307
0.84,10,3.3329643887802014
0.85,1,2.2281416778875145
0.85,5,2.67824626451138
0.85,10,3.39897014038689
0.86,1,2.2289983544173704
0.86,5,2.7001271061459002
0.86,10,3.465331660326859
0.87,1,2.2298553787651025
0.87,5,2.722009165414974
0.87,10,3.531838811154755
0.88,1,2.2307127065429353
0.88,5,2.743869248474582
0.88,10,3.598269793226398
0.89,1,2.2315702933162815
0.89,5,2.7656841559380836
0.89,10,3.6643941893348524
0.9,1,2.2324280946129584
0.9,5,2.7874307736882713
0.9,10,3.729976530638339
0.91,1,2.2332860659324294
0.91,5,2.80908616471187
0.91,10,3.7947802606939316
0.92,1,2.234144162755041
0.92,5,2.830627661126192
0.92,10,3.8585719416318462
0.93,1,2.23500234055126
0.93,5,2.8520329555438586
0.93,10,3.921125524583798
0.94,1,2.235860554790911
0.94,5,2.873280190911867
0.94,10,3.9822264978063404
0.95,1,2.2367187609524177
0.95,5,2.8943480479664787
0.95,10,4.041675731443137
0.96,1,2.2375769145320086
0.96,5,2.915215829465509
0.96,10,4.099292856892424
0.97,1,2.2384349710529268
0.97,5,2.9358635403945597
0.97,10,4.154919049167583
0.98,1,2.239292886074622
0.98,5,2.956271963392724
0.98,10,4.20841911920791
0.99,1,2.2401506152019084
0.99,5,2.976422728705478
0.99,10,4.259682865907427
1.0,1,2.2410081140940985
1.0,5,2.996298378046379
1.0,10,4.308625680657596
